world: e6594f65-2f3b-4dfc-a50d-f12e11c90285
world-name: stable_nether
x: 141.9513848783968
y: 15.0
z: -133.22639513071425
yaw: 179.6996612548828
pitch: 9.000040054321289
name: nethervein
lastowner: 1ac60049-6f05-3e8c-91b8-0ec93922d8db
